       3AB  00 05.2 +45 14  A1Vn       6.702   0.102   0.058   0.053  4 2*
       6    00 05.1 -00 30  gG9        6.311   0.876   1.119   0.772  4 3
      14    00 05.3 +68 53  B9 ^       7.074  -0.046  -0.012  -0.026  4 4
      17    00 05.2 +35 34  A3III      6.889   0.103   0.152   0.091  4 4
      28    00 05.3 -05 42  K1III      4.630   0.717   1.060   0.775  3 3*
      37AB :00 05.5 +50 31  K0 ^       7.910   0.604   1.031   0.758  2 7*
      43    00 05.4 +03 36  K2III      6.912   0.857   1.126   0.778  6 2
      58    00 05.6 +53 10  K0 ^       7.248   1.015   1.206   0.841  4 4
      62    00 05.5 -07 40  K5 ^       6.978   1.637   1.473   1.107  4 3
      63    00 05.5 -09 37  F5 ^       7.126  -0.150   0.458   0.387  4 5
      71    00 05.7 +55 43  K0III      6.999   0.915   1.225   0.863  9 2
      87    00 05.7 +13 24  G5III      5.549   0.432   0.914   0.658  4 3
     100    00 05.9 +24 34  K5 ^       6.914   1.846   1.605   1.227  6 2
     108    00 06.1 +63 41  O6fpe:     7.365  -1.020   0.177   0.248 17 2*
     110    00 06.1 +40 25  G5 ^       6.660   0.401   0.928   0.681  4 3
     111    00 06.0 +28 17  K5III      6.607   1.684   1.583   1.136  6 2
     123AB  00 06.3 +58 26  G5V        5.992   0.047   0.693   0.553  8 2*
     134    00 06.3 +63 23  A7V        8.797   0.192   0.211   0.204  2 >
     144    00 06.4 +64 12  B9IIIe     5.582  -0.225  -0.024   0.020 23 2*
     145    00 06.3 +40 54  K0 ^       6.950   0.807   1.107   0.809  4 2
     166A   00 06.6 +29 01  K0V        6.089   0.153   0.760   0.595  6 4*
     167    00 06.6 +28 33  G9III      6.685   0.579   1.021   0.711  4 3
     249    00 07.4 +26 27  K1IV       7.348   0.620   1.012   0.766  8 2
     279    00 07.6 +40 05  K0 ^       7.397   0.666   1.027   0.720  2 7
     281AB  00 07.6 +31 40  G5 ^       6.881   0.914   1.134   0.796  5 3*
     290A   00 07.6 +40 09  G5 ^       6.750   0.500   0.966   0.727  5 3*
     313    00 07.8 +38 43  A3 ^       7.678   0.111   0.149   0.093    s
     315    00 07.7 -02 33  B8IIIpSi   6.446  -0.575  -0.135  -0.053  5 2
     332A   00 08.0 +31 23  A5 ^       7.139   0.118   0.164   0.143  4 2*
     341    00 08.2 +31 23  A3 ^       7.273   0.189   0.203   0.152  2 6*
     352    00 08.2 -02 27  K2III      6.234   1.052   1.424   1.093  7 v*
     358A   00 08.4 +29 05  B8IVpMnHg  2.067  -0.566  -0.087  -0.064 29 1*
     360    00 08.3 -08 49  gG8        5.995   0.662   1.055   0.758  4 1
     371    00 08.5 +63 12  G2/3II     6.430   0.551   1.047   0.801  7 3
     400    00 08.7 +36 38  F8IV       6.215  -0.165   0.503   0.431  6 3
     414    00 08.8 +40 30  K5 ^       6.828   1.756   1.607   1.198  4 4
     417    00 08.9 +25 28  K0III      6.263   0.546   1.001   0.735  4 3
     418A   00 08.8 +08 01  F0 ^       7.439  -0.061   0.311   0.267    s*
     431AB  00 09.3 +79 43  A7IV       6.028   0.104   0.208   0.178  4 1*
     432A   00 09.2 +59 09  F2III-IV   2.275   0.068   0.340   0.295 10 4*
     434    00 09.0 +28 15  A3/F0      6.479   0.114   0.237   0.178  4 3
     443    00 09.3 +65 04  dG9        7.048   0.478   0.939   0.712  4 4
     445AB  00 09.1 +40 51  G5 ^       6.950   0.494   0.944   0.715  4 2*
     447    00 09.1 +19 55  F5 ^       7.111  -0.057   0.459   0.379  5 3
     448    00 09.0 +18 13  G9III      5.576   0.771   1.066   0.753  4 2
     470    00 09.4 +58 40  B5Vn       8.242  -0.578   0.093   0.112  2 3
     483    00 09.3 +17 32  G2III      7.067  -0.002   0.644   0.499  5 3
     487    00 09.5 +46 23  B9 ^       7.181  -0.021   0.015   0.009  6 3
     545    00 09.9 -02 34  K2 ^       6.869   1.901   1.681   1.374  3 4
     556AB  00 10.1 +46 23  A3 ^       7.516   0.034   0.224   0.193  3 7*
     560AB  00 10.0 +11 09  B9Vn       5.541  -0.251  -0.074  -0.046  6 2*
     561    00 10.1 -08 58  F0 ^       7.099   0.024   0.318   0.268  4 3
     567    00 10.3 +52 15  B9 ^       7.209  -0.486  -0.037   0.021  4 2
     571    00 10.3 +46 04  F2II       5.031   0.281   0.412   0.389  4 3
     584    00 10.5 +57 10  B7IV       6.735  -0.524  -0.083  -0.047  7 3
     587    00 10.3 -05 15  K1III      5.863   0.583   0.991   0.741  4 5
     593    00 10.6 +59 40  B1V        6.710  -0.947   0.010   0.065  7 4
     595    00 10.6 +52 19  A0 ^       7.731   0.078   0.087   0.081  1 -
     598    00 10.4 +28 39  Mb ^       7.162   1.793   1.643   1.854  1 -
     613    00 10.5 +33 08  K4III      6.833   1.540   1.467   1.066  4 3
     628    00 10.7 +58 01  B9 ^       7.866  -0.045   0.089   0.105  2 3
     639    00 10.8 +37 28  F2 ^       7.779  -0.074   0.409   0.359  6 3
     640    00 10.8 +32 15  Ma ^       7.187   1.495   1.661   2.343  1 -*
     645    00 10.7 -12 35  K0IV       5.870   0.678   1.015   0.753  3 4
     663    00 11.1 +57 35  K1III      6.698   0.973   1.244   0.897  7 4
     678    00 11.4 +74 29  K0 ^       7.172   0.650   1.027   0.747  4 6
     688    00 11.2 -03 19  K0-III     6.746   0.731   1.036   0.720  4 4
     698    00 11.6 +58 13  B5IIe      7.105  -0.543   0.163   0.261  5 2*
     709AB  00 11.6 +55 58  B8 ^       7.462  -0.322   0.032   0.040  2 5*
     724AB  00 11.8 +66 08  A0 ^       7.316  -0.229   0.038   0.044  4 9*
     725    00 11.7 +57 16  F5Ib-II    7.068   0.681   0.654   0.592  5 5
     743    00 12.0 +48 09  gK4        6.182   1.608   1.510   1.075  4 3
     755    00 12.0 +28 36  F0 ^       7.192  -0.043   0.381   0.332  2 2
     756    00 12.0 +23 28  K0III      6.592   0.578   1.007   0.735  4 3
     761AB  00 12.1 +53 37  A7Vn+F2V   6.865   0.004   0.264   0.219  4 5*
     780    00 12.0 -13 49  G5 ^       6.572   0.823   1.091   0.769  4 4
     800    00 12.6 +44 42  K0 ^       6.511   0.877   1.102   0.763  4 3
     801    00 12.6 +44 35  K0 ^       7.438   1.715   1.585   1.136  3 3
     802    00 12.6 +44 19  K0 ^       7.024   0.888   1.120   0.790  4 3
     818    00 12.8 +46 06  F2 ^       6.637  -0.082   0.396   0.328  4 2
     820    00 12.7 -01 14  K0 ^       7.220   0.736   1.086   0.786  4 2
     829    00 12.8 +37 42  B2V        6.717  -0.871  -0.100  -0.067  4 3
     849    00 13.0 +49 56  A2 ^       7.181   0.094   0.197   0.153  5 4
     861    00 13.2 +62 02  A2/F2      6.641   0.164   0.206   0.145  7 2
     873    00 13.2 +20 45  K0 ^       9.188   0.732   1.033   0.788  6 4
     874    00 13.2 +16 55  K1III      6.534   0.724   1.064   0.768  3 4
     883    00 13.3 +49 43  A0 ^       7.324   0.066   0.043   0.050  4 4
     886A   00 13.2 +15 11  B2IV       2.826  -1.054  -0.204  -0.169  6 3*
     895AB  00 13.4 +26 59  G0III      6.273   0.253   0.678   0.561  4 3*
     905    00 13.5 +41 02  F0IV       5.713  -0.096   0.332   0.293  5 2
     908    00 13.5 -04 39  K2 ^       9.463   1.218   1.285   0.881  2 7
     936    00 13.9 +59 60  G7.5IIab   6.913   0.705   1.143   0.838  6 2
     940    00 13.8 +01 23  K0 ^       6.790   1.227   1.289   0.897  4 3
     952    00 14.0 +33 12  A1V        6.228  -0.022  -0.006  -0.009  5 3
     976    00 14.1 +26 16  F7IV       7.006  -0.041   0.520   0.427  6 3
     995    00 14.6 +41 02  K0 ^       6.696   0.914   1.203   0.865  4 3
    1013    00 14.6 +20 12  M2+III     4.811   1.874   1.616   1.367  5 5*
    1014AB  00 14.5 -07 47  M3III      5.129   1.813   1.659   1.523  6 7*
    1031    00 14.6 +01 18  F5 ^       7.025  -0.074   0.470   0.385  4 3
    1048    00 14.9 +22 17  A1p        6.254   0.016  -0.010  -0.016  4 3*